EPIC        Teff (K)    e_Teff    Rad (S)  e_Rad    Dist (pc)  e_Dist    M (S)    e_M       [Fe/H]   e_[Fe/H] logg     e_logg
201208431.0 4140.233490 28.637317 0.597898 0.037607 214.039498 16.241154 0.607902 0.041174  0.000000 0.217113 4.680975 0.026821 
201257461.0 4739.598416 25.553553 0.569777 0.029390  81.656013  4.828720 0.587724 0.026905 -0.894876 0.301448 4.705430 0.030340 
201295312.0 5863.136657 34.369031 0.889685 0.149943 276.510661 49.695566 0.853935 0.108167 -0.423352 0.414620 4.480942 0.111460 
201338508.0 4027.024181 22.091727 0.507402 0.017323 172.527899  7.206303 0.511406 0.013915 -0.518479 0.067797 4.750424 0.020572 
201367065.0 3894.967044 27.287537 0.501908 0.021704  41.055963  2.211879 0.509197 0.020326 -0.310153 0.082266 4.757235 0.022333 
201384232.0 5698.325930 36.865020 0.760778 0.081449 269.547969 31.505042 0.772080 0.068233 -0.633694 0.401675 4.567027 0.073234 
201393098.0 5617.038773 32.585826 0.800492 0.109643 360.323343 53.158490 0.810194 0.091636 -0.387213 0.345691 4.548025 0.081643 
201403446.0 6223.974805 33.287973 0.863500 0.096139 276.731678 33.103744 0.807145 0.035908 -1.271778 0.295790 4.474174 0.118423 
201445392.0 4794.666133 19.768502 0.719968 0.043312 390.654775 24.761784 0.741421 0.055017 -0.041671 0.235353 4.610483 0.032419 
201465501.0 3404.284501 12.734449 0.226823 0.007501  57.887972  2.208181 0.206114 0.010262 -0.403012 0.059335 5.071728 0.015300  
201505350.0 5344.937038 31.851766 0.729516 0.077580 259.177355 29.972447 0.749828 0.071256 -0.398476 0.308842 4.598265 0.059013 
201546283.0 5221.624786 32.090659 0.670797 0.082322 191.394541 26.462995 0.695633 0.076142 -0.675074 0.614930 4.635476 0.065020 
201549860.0 4453.215840 23.838549 0.694454 0.032610 250.176279 13.199789 0.718469 0.041130  0.281983 0.340329 4.627178 0.025587 
201555883.0 4318.941624 33.472147 0.532141 0.040533 289.686964 26.599415 0.531073 0.026385 -0.779328 0.309855 4.726465 0.039986 
201565013.0 3940.453636 63.632692 0.504147 0.064312 517.834855 79.217945 0.508674 0.061103 -0.386726 0.261250 4.749994 0.054721 
201569483.0 5040.035634 45.145932 0.649581 0.080400 125.190728 17.423813 0.672879 0.079853  0.000000 0.066196 4.649277 0.062262 
201577035.0 5501.611358 32.581321 0.729717 0.078468 212.867182 25.184686 0.757472 0.079839 -0.496971 0.446902 4.592070 0.065835 
201596316.0 5122.860218 36.268003 0.600602 0.026281 225.245745 12.348899 0.630908 0.025447 -1.767872 0.726644 4.684014 0.035407 
201613023.0 5637.161734 31.902891 0.880083 0.146458 260.240723 44.715693 0.877967 0.112644 -0.148497 0.375346 4.500513 0.104680 
201617985.0 3617.370053 33.016219 0.405130 0.062021  88.877395 14.887594 0.419881 0.064556 -0.202340 0.193947 4.858730 0.064398 
201629650.0 5512.257019 28.706784 0.686532 0.051310 249.857646 20.628138 0.708993 0.041601 -0.865527 0.384142 4.624272 0.049660 
201635569.0 3947.759417 21.726494 0.584735 0.016637 315.860284 12.645000 0.598731 0.005196  0.101977 0.066654 4.694516 0.017594 
201649426.0 4599.125295 17.880128 0.528196 0.009152 152.984106  3.458304 0.547965 0.008585 -1.482452 0.681295 4.741878 0.017810 
201702477.0 5482.993537 33.048649 0.707599 0.057151 550.219909 47.501695 0.725373 0.047382 -0.680656 0.304672 4.610077 0.053463 
201736247.0 5036.494542 29.578105 0.615440 0.039811 389.897296 27.950623 0.639013 0.035370 -0.841332 0.293743 4.676792 0.036654 
201754305.0 4663.633536 29.287265 0.569007 0.035645 285.275672 20.843735 0.583281 0.032243 -0.855261 0.324630 4.704250 0.034275 
201779067.0 5910.962217 31.779870 0.766650 0.057143 153.314826 12.353779 0.770385 0.042457 -1.015142 0.393907 4.559345 0.068946 
201828749.0 5380.756920 28.092304 0.625614 0.015589 126.524690  3.483976 0.657264 0.015903 -1.50     1.0      4.673889 0.029736 
201855371.0 4205.759483 47.915151 0.596541 0.058652 120.334385 14.020106 0.606890 0.067958  0.000000 0.438208 4.682685 0.037701 
201912552.0 3405.992880 31.779710 0.381912 0.043793  30.792794  3.834489 0.388086 0.049123  0.233302 0.109671 4.878730 0.044052 
201929294.0 4661.670533 21.812140 0.537137 0.010640 146.878432  3.616537 0.557630 0.009905 -1.50     1.0      4.733596 0.019349 