201208431.01 1.19531216353
201257461.01 30.5405628364
201295312.01 0.300800323065
201338508.01 1.14221550359
201338508.02 1.07226277783
201367065.01 1.25616163177
201367065.02 0.724112897871
201384232.01 0.675109645038
201393098.01 0.526999339958
201403446.01 0.2314256856
201445392.01 1.24833537077
201445392.02 0.780598542568
201465501.01 2.8312717621
201505350.01 2.64223133764
201505350.02 5.23337371509
201546283.01 2.32895962394
201549860.01 0.795063349067
201555883.01 3.49953927664
201565013.01 45.7983620378
201569483.01 159.643328332
201577035.01 1.44112818262
201596316.01 0.697503071962
201613023.01 0.417427258286
201617985.01 1.09816124126
201629650.01 0.575017701945
201635569.01 9.43158851144
201649426.01 216.755248839
201702477.01 6.69946669158
201736247.01 1.21132410693
201754305.01 0.87326929207
201754305.02 0.798716618809
201779067.01 84.8713633064
201828749.01 0.761093144381
201855371.01 0.992580776468
201912552.01 2.85023085272
201929294.01 13.5596273688
