EPIC        Teff (K)    e_Teff    Rad (S)  e_Rad    Dist (pc)  e_Dist    M (S)    e_M       [Fe/H]   e_[Fe/H] logg     e_logg
201208431.0 4108.872363 26.057086 0.652062 0.015817 224.663426  8.223608 0.662739 0.026980  0.234658 0.233107 4.648058 0.015393 
201257461.0 4781.580148 20.617119 0.730801 0.037763 104.825880  5.775968 0.764380 0.047872  0.225762 0.403569 4.608911 0.026837 
201295312.0 5882.408987 36.015151 1.045744 0.206665 326.209349 67.073614 1.004370 0.142965  0.390201 0.678771 4.399494 0.137467 
201338508.0 4065.765295 22.560631 0.571041 0.029627 192.473733 12.195572 0.572007 0.022993 -0.206067 0.101881 4.694962 0.029150 
201367065.0 3895.233342 19.525487 0.533346 0.045644  42.533413  4.165854 0.536641 0.040248 -0.169786 0.169011 4.725929 0.042160
201384232.0 5722.353752 42.279988 0.914980 0.142211 327.238787 53.842433 0.901731 0.105756 -0.134836 0.479239 4.477832 0.101091 
201393098.0 5626.630121 32.164064 0.963380 0.129469 428.683713 60.101422 0.949472 0.089021  0.219715 0.392043 4.454405 0.096767 
201403446.0 6238.260790 34.205935 0.795720 0.056115 249.549686 20.234815 0.879668 0.053374 -1.197313 0.494707 4.458380 0.101917 
201445392.0 4768.991718 15.531959 0.736535 0.017856 391.657718  9.827163 0.821766 0.015076  0.50     1.0      4.592149 0.022483 
201465501.0 3440.676003 16.177553 0.335903 0.075834  90.191827 17.721780 0.336287 0.080818 -0.328143 0.247645 4.921628 0.086303 
201505350.0 5359.915848 22.862929 0.884660 0.069586 310.216968 25.486778 0.904410 0.054681  0.299422 0.291134 4.513277 0.054417 
201546283.0 5243.459062 25.538735 0.845332 0.068768 236.422913 19.361334 0.878019 0.054594  1.490386 0.820093 4.540893 0.050428
201549860.0 4432.499443 22.403275 0.700280 0.013663 245.880754  5.835858 0.733503 0.012808  1.059375 0.359238 4.623362 0.019504
201555883.0 4339.239047 28.486112 0.654803 0.045328 353.030454 28.430685 0.667712 0.058691  0.050113 0.383737 4.643724 0.026232 
201565013.0 3967.030085 26.323191 0.567173 0.034286 563.384081 40.214874 0.565853 0.031073 -0.149164 0.149163 4.695394 0.029445 
201569483.0 5068.188482 28.451082 0.773869 0.077219 146.738365 14.629824 0.814187 0.080685  2.087878 1.229552 4.582342 0.048462 
201577035.0 5529.875843 44.336733 0.849280 0.105592 246.140379 31.600307 0.869290 0.102663 -0.026129 0.559909 4.521551 0.074307 
201596316.0 5172.555631 29.324184 0.753926 0.093233 286.120603 36.939695 0.785153 0.096625  0.328905 0.853173 4.588218 0.058395 
201613023.0 5650.361031 31.959524 1.005771 0.139704 291.811744 42.349092 0.986892 0.079875  0.553263 0.488080 4.427930 0.108406 
201617985.0 3639.082207 19.967394 0.510439 0.063151 108.997410 14.282256 0.512264 0.060432  0.000000 0.247468 4.744560 0.055560 
201629650.0 5550.731816 29.042423 0.838282 0.080519 304.968848 31.114061 0.850958 0.079279 -0.224678 0.320767 4.525674 0.067435 
201635569.0 3886.029426 24.892634 0.577122 0.037811 296.280642 22.463598 0.576775 0.040453 -0.038532 0.156959 4.689726 0.027425 
201649426.0 4657.970881 21.322031 0.624552 0.039987 179.154880 12.370136 0.644923 0.029719 -0.490747 0.285166 4.668236 0.037257 
201702477.0 5521.916906 37.925186 0.807783 0.074964 624.927160 61.016560 0.809563 0.063914 -0.327137 0.425348 4.544895 0.062416  
201736247.0 5083.415166 31.097378 0.718157 0.050927 453.804311 34.050633 0.743925 0.053454 -0.245492 0.365859 4.607632 0.037854 
201754305.0 4697.694001 21.281065 0.693817 0.047013 345.667404 26.224487 0.720556 0.057475 -0.011107 0.335977 4.627437 0.029267 
201779067.0 5935.092946 40.337595 0.931535 0.116613 188.907344 26.616016 0.930470 0.100713 -0.294140 0.354298 4.462912 0.094802 
201828749.0 5438.470923 34.991196 0.651200 0.022632 130.408305  5.102508 0.689819 0.021358 -1.5      1.0      4.656516 0.034441 
201855371.0 4190.420604 33.277504 0.650969 0.031839 126.570041  7.669510 0.660779 0.046287  0.235330 0.369069 4.646685 0.020407 
201912552.0 3412.914716 23.105253 0.503496 0.010220  39.253547  1.037811 0.501851 0.008502  0.50     1.0      4.747218 0.009392 
201929294.0 4707.246226 29.868344 0.596220 0.070164 163.336248 20.296497 0.624372 0.058632 -1.078685 0.694096 4.694954 0.062827 